Rate coefficients in cm^3/s
---------------------------
 
 Initial                              Final state 
 state                1D             1S             5So            3So            5P             3P             5So            3So            5Do            3Do            5P             3P             3Do            1Do            5Do            3Do            5F             3F 
 
  1000 K
       3P        5.72e-21       5.13e-31       1.03e-55       3.40e-57       6.35e-64       5.48e-65       1.15e-69       3.22e-70       9.58e-71       1.49e-70       3.26e-72       3.12e-72       6.10e-73       1.40e-74       1.11e-74       5.31e-74       9.51e-75       5.01e-74
       1D                       1.91e-20       0.00e+00       3.34e-49       0.00e+00       6.33e-56       0.00e+00       2.02e-62       0.00e+00       5.71e-62       0.00e+00       1.76e-63       3.02e-63       5.73e-64       0.00e+00       2.57e-64       0.00e+00       2.75e-64
       1S                                      0.00e+00       0.00e+00       0.00e+00       8.85e-45       0.00e+00       0.00e+00       0.00e+00       2.71e-51       0.00e+00       1.00e-52       9.48e-54       8.62e-55       0.00e+00       8.05e-55       0.00e+00       6.91e-55
       5So                                                    9.98e-10       1.10e-15       1.98e-17       6.21e-22       1.34e-22       3.13e-22       2.50e-23       1.52e-24       6.41e-25       4.77e-26       0.00e+00       5.17e-26       7.76e-27       5.35e-26       7.83e-27
       3So                                                                   9.91e-14       3.38e-15       5.47e-20       1.61e-20       8.57e-21       2.09e-20       9.38e-23       1.50e-22       2.18e-23       1.49e-25       1.76e-24       3.45e-24       1.96e-24       3.71e-24
       5P                                                                                   2.56e-09       2.39e-13       1.40e-14       4.43e-14       1.63e-14       5.29e-16       1.49e-16       1.38e-17       0.00e+00       5.82e-18       1.82e-18       5.88e-18       2.04e-18
       3P                                                                                                  1.37e-12       1.51e-12       9.52e-13       1.07e-12       8.97e-15       1.49e-14       1.27e-15       5.06e-19       1.39e-16       1.46e-16       1.48e-16       1.72e-16
       5So                                                                                                                6.45e-08       6.23e-08       3.07e-08       4.04e-10       9.79e-11       2.40e-11       0.00e+00       1.11e-11       4.07e-12       1.19e-11       4.64e-12
       3So                                                                                                                               1.05e-07       5.07e-08       7.55e-10       6.11e-10       1.36e-10       3.10e-14       2.77e-11       1.46e-11       2.95e-11       1.68e-11
       5Do                                                                                                                                              5.92e-08       2.88e-08       1.53e-09       2.02e-10       0.00e+00       8.29e-11       3.54e-11       9.92e-11       4.80e-11
       3Do                                                                                                                                                             3.55e-09       1.10e-08       5.69e-10       9.91e-14       6.80e-11       6.75e-11       8.57e-11       9.31e-11
       5P                                                                                                                                                                             1.50e-08       3.50e-09       0.00e+00       9.63e-10       4.54e-10       9.96e-10       5.14e-10
       3P                                                                                                                                                                                            4.48e-08       2.86e-12       2.59e-09       2.07e-09       2.73e-09       2.28e-09
       3Do                                                                                                                                                                                                          8.07e-10       2.99e-09       2.75e-08       4.67e-09       3.42e-08
       1Do                                                                                                                                                                                                                         0.00e+00       2.63e-09       0.00e+00       3.50e-09
       5Do                                                                                                                                                                                                                                        3.83e-08       1.45e-06       5.00e-08
       3Do                                                                                                                                                                                                                                                       6.66e-08       1.75e-06
       5F                                                                                                                                                                                                                                                                       4.28e-08
  3000 K
       3P        2.98e-13       4.28e-17       9.33e-25       3.46e-25       9.03e-28       4.91e-28       6.45e-30       3.54e-30       2.94e-30       4.27e-30       6.69e-31       1.22e-30       1.44e-30       1.16e-31       6.79e-32       2.53e-31       7.17e-32       2.84e-31
       1D                       4.17e-13       0.00e+00       6.86e-24       0.00e+00       9.66e-26       0.00e+00       2.71e-28       0.00e+00       9.07e-28       0.00e+00       1.63e-28       3.34e-27       1.93e-27       0.00e+00       4.93e-28       0.00e+00       5.56e-28
       1S                                      0.00e+00       0.00e+00       0.00e+00       4.53e-22       0.00e+00       0.00e+00       0.00e+00       1.47e-24       0.00e+00       2.48e-24       1.65e-24       6.30e-25       0.00e+00       4.21e-25       0.00e+00       6.03e-25
       5So                                                    2.36e-08       5.84e-10       4.43e-11       7.57e-13       3.10e-13       1.56e-12       2.03e-13       8.36e-14       5.48e-14       2.91e-14       0.00e+00       4.78e-14       9.42e-15       5.27e-14       8.74e-15
       3So                                                                   1.65e-09       8.32e-10       3.85e-12       2.11e-12       3.21e-12       6.49e-12       2.88e-13       4.86e-13       2.53e-13       1.11e-14       1.06e-13       1.72e-13       1.13e-13       2.02e-13
       5P                                                                                   3.51e-08       1.35e-09       1.49e-10       1.03e-09       4.35e-10       1.47e-10       4.30e-11       1.13e-11       0.00e+00       2.66e-11       8.45e-12       2.75e-11       9.92e-12
       3P                                                                                                  9.76e-10       2.78e-09       3.36e-09       4.96e-09       2.75e-10       6.29e-10       1.34e-10       6.66e-13       7.83e-11       9.94e-11       8.77e-11       1.26e-10
       5So                                                                                                                7.15e-08       2.73e-07       1.42e-07       3.17e-08       6.30e-09       3.13e-09       0.00e+00       7.37e-09       2.63e-09       8.51e-09       3.60e-09
       3So                                                                                                                               2.49e-07       1.73e-07       1.60e-08       2.64e-08       8.45e-09       2.96e-11       8.25e-09       5.11e-09       1.03e-08       6.42e-09
       5Do                                                                                                                                              1.15e-07       1.62e-07       1.31e-08       4.81e-09       0.00e+00       1.26e-08       4.84e-09       1.63e-08       6.63e-09
       3Do                                                                                                                                                             2.08e-08       1.19e-07       1.45e-08       3.49e-11       9.32e-09       1.08e-08       1.22e-08       1.78e-08
       5P                                                                                                                                                                             4.91e-08       1.41e-08       0.00e+00       2.60e-08       9.23e-09       2.64e-08       1.49e-08
       3P                                                                                                                                                                                            1.04e-07       1.98e-10       2.94e-08       3.34e-08       4.13e-08       3.95e-08
       3Do                                                                                                                                                                                                          1.35e-08       1.22e-08       1.05e-07       2.03e-08       1.21e-07
       1Do                                                                                                                                                                                                                         0.00e+00       1.12e-08       0.00e+00       1.21e-08
       5Do                                                                                                                                                                                                                                        5.42e-08       9.88e-07       6.83e-08
       3Do                                                                                                                                                                                                                                                       9.19e-08       1.17e-06
       5F                                                                                                                                                                                                                                                                       4.92e-08
  5000 K
       3P        1.38e-11       3.07e-14       1.30e-18       7.53e-19       1.53e-20       1.26e-20       5.80e-22       4.12e-22       3.27e-22       4.64e-22       1.43e-22       3.00e-22       3.93e-22       4.64e-23       2.65e-23       8.36e-23       3.03e-23       1.02e-22
       1D                       1.24e-11       0.00e+00       6.11e-19       0.00e+00       9.93e-20       0.00e+00       1.49e-21       0.00e+00       4.94e-21       0.00e+00       2.21e-21       5.04e-20       3.53e-20       0.00e+00       7.77e-21       0.00e+00       7.94e-21
       1S                                      0.00e+00       0.00e+00       0.00e+00       1.41e-17       0.00e+00       0.00e+00       0.00e+00       6.41e-19       0.00e+00       2.20e-18       1.51e-18       6.26e-19       0.00e+00       4.07e-19       0.00e+00       5.80e-19
       5So                                                    3.89e-08       8.86e-09       8.33e-10       5.07e-11       2.38e-11       1.23e-10       1.85e-11       1.35e-11       8.79e-12       5.55e-12       0.00e+00       1.08e-11       2.36e-12       1.30e-11       1.95e-12
       3So                                                                   1.09e-08       1.06e-08       1.34e-10       9.90e-11       1.55e-10       2.93e-10       2.50e-11       4.20e-11       2.30e-11       1.47e-12       1.53e-11       2.09e-11       1.43e-11       2.87e-11
       5P                                                                                   5.82e-08       7.16e-09       9.73e-10       6.94e-09       2.98e-09       1.91e-09       5.29e-10       1.52e-10       0.00e+00       5.77e-10       1.77e-10       5.69e-10       1.93e-10
       3P                                                                                                  3.34e-09       1.25e-08       1.46e-08       2.38e-08       2.05e-09       5.33e-09       1.18e-09       1.17e-11       9.82e-10       1.43e-09       1.09e-09       1.76e-09
       5So                                                                                                                5.82e-08       3.17e-07       1.57e-07       7.79e-08       1.28e-08       6.40e-09       0.00e+00       2.21e-08       7.62e-09       2.79e-08       1.14e-08
       3So                                                                                                                               2.43e-07       2.14e-07       2.66e-08       5.36e-08       1.58e-08       1.15e-10       1.99e-08       1.39e-08       2.71e-08       2.00e-08
       5Do                                                                                                                                              1.17e-07       1.98e-07       1.84e-08       7.49e-09       0.00e+00       3.37e-08       1.17e-08       4.52e-08       1.54e-08
       3Do                                                                                                                                                             2.80e-08       1.69e-07       2.53e-08       1.01e-10       2.25e-08       2.99e-08       2.84e-08       5.15e-08
       5P                                                                                                                                                                             5.49e-08       1.44e-08       0.00e+00       4.54e-08       1.36e-08       4.67e-08       2.58e-08
       3P                                                                                                                                                                                            9.75e-08       4.87e-10       3.85e-08       5.49e-08       6.12e-08       6.39e-08
       3Do                                                                                                                                                                                                          2.21e-08       1.42e-08       1.26e-07       2.34e-08       1.34e-07
       1Do                                                                                                                                                                                                                         0.00e+00       1.45e-08       0.00e+00       1.33e-08
       5Do                                                                                                                                                                                                                                        5.56e-08       7.61e-07       6.59e-08
       3Do                                                                                                                                                                                                                                                       8.98e-08       8.86e-07
       5F                                                                                                                                                                                                                                                                       4.83e-08
  8000 K
       3P        1.24e-10       1.34e-12       3.42e-15       2.65e-15       1.72e-16       1.88e-16       1.81e-17       1.61e-17       1.02e-17       1.48e-17       7.97e-18       1.83e-17       2.16e-17       3.31e-18       2.00e-18       5.98e-18       2.25e-18       7.00e-18
       1D                       8.20e-11       0.00e+00       3.75e-16       0.00e+00       2.63e-16       0.00e+00       8.82e-18       0.00e+00       2.77e-17       0.00e+00       2.78e-17       5.29e-16       4.29e-16       0.00e+00       8.61e-17       0.00e+00       7.33e-17
       1S                                      0.00e+00       0.00e+00       0.00e+00       7.98e-15       0.00e+00       0.00e+00       0.00e+00       9.97e-16       0.00e+00       3.91e-15       2.74e-15       1.27e-15       0.00e+00       7.76e-16       0.00e+00       1.06e-15
       5So                                                    4.57e-08       3.92e-08       3.94e-09       5.55e-10       2.59e-10       1.34e-09       2.18e-10       2.67e-10       1.51e-10       9.65e-11       0.00e+00       2.09e-10       5.09e-11       2.83e-10       3.68e-11
       3So                                                                   2.86e-08       4.15e-08       9.05e-10       9.42e-10       1.28e-09       2.29e-09       3.05e-10       6.11e-10       2.66e-10       2.44e-11       2.39e-10       2.78e-10       1.93e-10       4.76e-10
       5P                                                                                   6.94e-08       1.72e-08       2.64e-09       1.93e-08       8.00e-09       8.05e-09       2.11e-09       6.02e-10       0.00e+00       3.26e-09       9.43e-10       2.97e-09       9.03e-10
       3P                                                                                                  6.13e-09       2.77e-08       2.97e-08       5.24e-08       5.73e-09       1.84e-08       3.71e-09       6.82e-11       3.70e-09       6.17e-09       3.96e-09       7.28e-09
       5So                                                                                                                4.38e-08       3.08e-07       1.41e-07       1.24e-07       1.68e-08       7.99e-09       0.00e+00       3.68e-08       1.17e-08       5.03e-08       1.86e-08
       3So                                                                                                                               2.02e-07       2.22e-07       3.21e-08       7.50e-08       2.07e-08       2.85e-10       2.72e-08       2.27e-08       3.95e-08       3.66e-08
       5Do                                                                                                                                              1.04e-07       1.95e-07       2.01e-08       8.21e-09       0.00e+00       5.62e-08       1.67e-08       7.96e-08       2.17e-08
       3Do                                                                                                                                                             3.01e-08       1.83e-07       3.33e-08       1.90e-10       3.23e-08       5.24e-08       3.99e-08       9.30e-08
       5P                                                                                                                                                                             5.14e-08       1.23e-08       0.00e+00       5.69e-08       1.48e-08       6.08e-08       3.06e-08
       3P                                                                                                                                                                                            8.24e-08       8.49e-10       3.93e-08       6.78e-08       6.59e-08       7.78e-08
       3Do                                                                                                                                                                                                          2.85e-08       1.41e-08       1.31e-07       2.19e-08       1.26e-07
       1Do                                                                                                                                                                                                                         0.00e+00       1.69e-08       0.00e+00       1.27e-08
       5Do                                                                                                                                                                                                                                        5.31e-08       5.81e-07       5.74e-08
       3Do                                                                                                                                                                                                                                                       7.95e-08       6.64e-07
       5F                                                                                                                                                                                                                                                                       4.40e-08
 12000 K
       3P        4.31e-10       1.10e-11       2.53e-13       2.46e-13       2.99e-14       3.94e-14       5.74e-15       6.18e-15       3.08e-15       4.89e-15       3.73e-15       9.22e-15       9.65e-15       1.66e-15       1.11e-15       3.46e-15       1.15e-15       3.39e-15
       1D                       2.29e-10       0.00e+00       1.50e-14       0.00e+00       2.18e-14       0.00e+00       1.17e-15       0.00e+00       3.33e-15       0.00e+00       6.08e-15       9.15e-14       8.19e-14       0.00e+00       1.59e-14       0.00e+00       1.08e-14
       1S                                      0.00e+00       0.00e+00       0.00e+00       3.30e-13       0.00e+00       0.00e+00       0.00e+00       5.28e-14       0.00e+00       2.12e-13       1.52e-13       8.13e-14       0.00e+00       4.60e-14       0.00e+00       5.77e-14
       5So                                                    4.48e-08       8.42e-08       8.33e-09       2.12e-09       8.99e-10       4.77e-09       8.00e-10       1.48e-09       7.07e-10       4.46e-10       0.00e+00       1.02e-09       2.61e-10       1.50e-09       1.74e-10
       3So                                                                   4.37e-08       8.16e-08       2.35e-09       3.44e-09       3.86e-09       6.70e-09       1.17e-09       2.98e-09       9.69e-10       1.22e-10       1.02e-09       1.06e-09       7.34e-10       2.26e-09
       5P                                                                                   6.81e-08       2.63e-08       4.21e-09       3.35e-08       1.26e-08       1.76e-08       4.33e-09       1.20e-09       0.00e+00       8.32e-09       2.25e-09       7.05e-09       1.88e-09
       3P                                                                                                  7.77e-09       4.11e-08       3.98e-08       7.65e-08       9.12e-09       3.79e-08       6.57e-09       1.86e-10       7.06e-09       1.32e-08       7.06e-09       1.52e-08
       5So                                                                                                                3.24e-08       2.77e-07       1.14e-07       1.51e-07       1.75e-08       7.81e-09       0.00e+00       4.56e-08       1.31e-08       6.52e-08       2.10e-08
       3So                                                                                                                               1.57e-07       2.08e-07       3.22e-08       8.41e-08       2.27e-08       4.81e-10       2.78e-08       2.89e-08       4.15e-08       4.89e-08
       5Do                                                                                                                                              8.70e-08       1.72e-07       1.90e-08       7.53e-09       0.00e+00       7.15e-08       1.79e-08       1.05e-07       2.31e-08
       3Do                                                                                                                                                             2.82e-08       1.71e-07       3.70e-08       2.71e-10       3.44e-08       6.99e-08       4.21e-08       1.25e-07
       5P                                                                                                                                                                             4.37e-08       9.79e-09       0.00e+00       6.03e-08       1.39e-08       6.64e-08       2.93e-08
       3P                                                                                                                                                                                            6.69e-08       1.14e-09       3.57e-08       7.18e-08       5.93e-08       8.04e-08
       3Do                                                                                                                                                                                                          3.15e-08       1.30e-08       1.28e-07       1.84e-08       1.11e-07
       1Do                                                                                                                                                                                                                         0.00e+00       1.80e-08       0.00e+00       1.12e-08
       5Do                                                                                                                                                                                                                                        4.82e-08       4.52e-07       4.73e-08
       3Do                                                                                                                                                                                                                                                       6.65e-08       5.09e-07
       5F                                                                                                                                                                                                                                                                       3.78e-08
 20000 K
       3P        1.18e-09       5.84e-11       7.37e-12       9.44e-12       1.91e-12       2.96e-12       5.58e-13       7.41e-13       2.90e-13       5.55e-13       5.38e-13       1.46e-12       1.35e-12       2.33e-13       1.90e-13       6.44e-13       1.62e-13       4.47e-13
       1D                       5.02e-10       0.00e+00       3.24e-13       0.00e+00       8.02e-13       0.00e+00       6.12e-14       0.00e+00       1.56e-13       0.00e+00       5.12e-13       5.65e-12       5.68e-12       0.00e+00       1.06e-12       0.00e+00       5.27e-13
       1S                                      0.00e+00       0.00e+00       0.00e+00       6.05e-12       0.00e+00       0.00e+00       0.00e+00       1.12e-12       0.00e+00       4.46e-12       3.45e-12       2.11e-12       0.00e+00       1.14e-12       0.00e+00       1.16e-12
       5So                                                    3.73e-08       1.40e-07       1.28e-08       6.11e-09       2.08e-09       1.24e-08       2.00e-09       5.80e-09       2.20e-09       1.43e-09       0.00e+00       3.33e-09       8.58e-10       5.21e-09       5.26e-10
       3So                                                                   5.21e-08       1.24e-07       4.23e-09       9.84e-09       8.19e-09       1.47e-08       3.06e-09       1.10e-08       2.49e-09       4.51e-10       2.84e-09       2.78e-09       1.81e-09       7.44e-09
       5P                                                                                   5.65e-08       3.32e-08       5.19e-09       5.11e-08       1.57e-08       3.19e-08       6.85e-09       1.86e-09       0.00e+00       1.64e-08       3.98e-09       1.31e-08       2.80e-09
       3P                                                                                                  7.90e-09       5.15e-08       4.30e-08       9.71e-08       1.11e-08       6.84e-08       9.31e-09       3.76e-10       1.02e-08       2.20e-08       9.17e-09       2.60e-08
       5So                                                                                                                2.09e-08       2.25e-07       7.71e-08       1.57e-07       1.50e-08       6.26e-09       0.00e+00       5.05e-08       1.18e-08       7.28e-08       1.86e-08
       3So                                                                                                                               1.03e-07       1.76e-07       2.74e-08       8.27e-08       2.20e-08       6.64e-10       2.33e-08       3.43e-08       3.44e-08       5.62e-08
       5Do                                                                                                                                              6.31e-08       1.32e-07       1.52e-08       5.80e-09       0.00e+00       8.18e-08       1.55e-08       1.22e-07       1.99e-08
       3Do                                                                                                                                                             2.24e-08       1.38e-07       3.69e-08       3.31e-10       2.99e-08       8.46e-08       3.59e-08       1.47e-07
       5P                                                                                                                                                                             3.18e-08       6.74e-09       0.00e+00       5.91e-08       1.14e-08       6.54e-08       2.29e-08
       3P                                                                                                                                                                                            4.85e-08       1.28e-09       2.83e-08       7.03e-08       4.38e-08       7.32e-08
       3Do                                                                                                                                                                                                          3.07e-08       1.06e-08       1.17e-07       1.31e-08       8.69e-08
       1Do                                                                                                                                                                                                                         0.00e+00       1.72e-08       0.00e+00       8.70e-09
       5Do                                                                                                                                                                                                                                        3.96e-08       3.22e-07       3.40e-08
       3Do                                                                                                                                                                                                                                                       4.86e-08       3.58e-07
       5F                                                                                                                                                                                                                                                                       2.82e-08
 50000 K
       3P        2.71e-09       2.35e-10       1.32e-10       2.78e-10       8.88e-11       1.69e-10       2.75e-11       5.07e-11       1.57e-11       4.28e-11       4.33e-11       1.48e-10       1.14e-10       1.78e-11       1.83e-11       7.82e-11       1.05e-11       2.58e-11
       1D                       9.84e-10       0.00e+00       5.85e-12       0.00e+00       2.57e-11       0.00e+00       1.76e-12       0.00e+00       4.20e-12       0.00e+00       2.69e-11       1.94e-10       2.73e-10       0.00e+00       3.99e-11       0.00e+00       1.16e-11
       1S                                      0.00e+00       0.00e+00       0.00e+00       6.49e-11       0.00e+00       0.00e+00       0.00e+00       1.28e-11       0.00e+00       5.89e-11       5.13e-11       3.40e-11       0.00e+00       1.76e-11       0.00e+00       1.07e-11
       5So                                                    2.01e-08       1.69e-07       1.19e-08       1.42e-08       2.70e-09       2.41e-08       2.97e-09       1.70e-08       4.13e-09       3.58e-09       0.00e+00       8.25e-09       1.69e-09       1.12e-08       9.08e-10
       3So                                                                   3.88e-08       1.32e-07       4.21e-09       2.35e-08       1.03e-08       2.55e-08       4.95e-09       3.15e-08       4.48e-09       1.55e-09       4.52e-09       6.17e-09       2.51e-09       1.60e-08
       5P                                                                                   3.00e-08       2.94e-08       3.79e-09       6.46e-08       1.18e-08       4.81e-08       6.96e-09       1.90e-09       0.00e+00       2.36e-08       4.30e-09       1.84e-08       2.41e-09
       3P                                                                                                  4.73e-09       4.65e-08       2.79e-08       9.90e-08       8.19e-09       1.08e-07       9.33e-09       5.04e-10       8.95e-09       2.48e-08       6.64e-09       3.57e-08
       5So                                                                                                                8.42e-09       1.42e-07       3.02e-08       1.15e-07       7.65e-09       3.03e-09       0.00e+00       4.50e-08       6.37e-09       5.97e-08       9.14e-09
       3So                                                                                                                               3.90e-08       1.17e-07       1.43e-08       6.29e-08       1.50e-08       6.84e-10       1.18e-08       3.46e-08       1.58e-08       4.72e-08
       5Do                                                                                                                                              2.81e-08       6.72e-08       7.30e-09       2.74e-09       0.00e+00       7.86e-08       8.22e-09       1.01e-07       9.96e-09
       3Do                                                                                                                                                             1.06e-08       7.19e-08       2.77e-08       2.70e-10       1.58e-08       8.73e-08       1.76e-08       1.25e-07
       5P                                                                                                                                                                             1.43e-08       2.91e-09       0.00e+00       5.12e-08       6.14e-09       5.32e-08       1.02e-08
       3P                                                                                                                                                                                            2.51e-08       9.37e-10       1.46e-08       6.01e-08       1.84e-08       4.98e-08
       3Do                                                                                                                                                                                                          1.99e-08       5.76e-09       9.60e-08       5.52e-09       4.87e-08
       1Do                                                                                                                                                                                                                         0.00e+00       1.09e-08       0.00e+00       4.05e-09
       5Do                                                                                                                                                                                                                                        2.18e-08       1.66e-07       1.50e-08
       3Do                                                                                                                                                                                                                                                       2.18e-08       1.81e-07
       5F                                                                                                                                                                                                                                                                       1.30e-08
100000 K
       3P        3.16e-09       3.36e-10       2.75e-10       8.45e-10       2.74e-10       6.92e-10       7.49e-11       1.74e-10       4.54e-11       1.61e-10       1.43e-10       6.44e-10       4.06e-10       6.40e-11       6.27e-11       3.42e-10       2.75e-11       6.65e-11
       1D                       1.18e-09       0.00e+00       1.44e-11       0.00e+00       7.64e-11       0.00e+00       3.97e-12       0.00e+00       9.52e-12       0.00e+00       8.05e-11       4.77e-10       9.14e-10       0.00e+00       1.00e-10       0.00e+00       2.04e-11
       1S                                      0.00e+00       0.00e+00       0.00e+00       1.09e-10       0.00e+00       0.00e+00       0.00e+00       1.95e-11       0.00e+00       1.09e-10       9.44e-11       7.37e-11       0.00e+00       3.09e-11       0.00e+00       1.39e-11
       5So                                                    1.07e-08       1.37e-07       7.30e-09       1.59e-08       1.80e-09       2.38e-08       2.15e-09       1.88e-08       3.26e-09       4.28e-09       0.00e+00       9.45e-09       1.47e-09       9.61e-09       6.68e-10
       3So                                                                   2.23e-08       1.02e-07       2.54e-09       2.69e-08       6.94e-09       2.53e-08       3.76e-09       3.49e-08       4.29e-09       2.37e-09       3.34e-09       7.53e-09       1.71e-09       1.39e-08
       5P                                                                                   1.54e-08       1.97e-08       2.08e-09       5.51e-08       6.62e-09       4.62e-08       4.55e-09       1.33e-09       0.00e+00       2.02e-08       2.79e-09       1.58e-08       1.40e-09
       3P                                                                                                  2.40e-09       3.21e-08       1.47e-08       7.80e-08       4.70e-09       1.06e-07       6.96e-09       4.15e-10       5.29e-09       1.86e-08       3.55e-09       3.12e-08
       5So                                                                                                                3.87e-09       9.59e-08       1.29e-08       7.81e-08       3.71e-09       1.53e-09       0.00e+00       3.32e-08       3.13e-09       4.05e-08       4.21e-09
       3So                                                                                                                               1.66e-08       8.04e-08       7.02e-09       4.72e-08       9.31e-09       5.59e-10       5.68e-09       2.68e-08       7.04e-09       3.25e-08
       5Do                                                                                                                                              1.31e-08       3.60e-08       3.44e-09       1.32e-09       0.00e+00       6.33e-08       4.13e-09       6.89e-08       4.73e-09
       3Do                                                                                                                                                             4.97e-09       3.75e-08       1.89e-08       1.73e-10       7.95e-09       7.16e-08       8.22e-09       8.50e-08
       5P                                                                                                                                                                             6.91e-09       1.38e-09       0.00e+00       4.05e-08       3.20e-09       4.20e-08       4.62e-09
       3P                                                                                                                                                                                            1.53e-08       5.54e-10       7.44e-09       4.71e-08       8.09e-09       3.52e-08
       3Do                                                                                                                                                                                                          1.13e-08       3.00e-09       7.89e-08       2.45e-09       2.87e-08
       1Do                                                                                                                                                                                                                         0.00e+00       6.04e-09       0.00e+00       1.86e-09
       5Do                                                                                                                                                                                                                                        1.13e-08       9.72e-08       6.88e-09
       3Do                                                                                                                                                                                                                                                       1.01e-08       1.04e-07
       5F                                                                                                                                                                                                                                                                       6.20e-09
 
