2000 K
                    2s             2p             3s             3p             3d             4s             4p             4d             4f          ionic
          2s     0.00e+00       9.18e-20       1.20e-25       1.67e-27       4.16e-28       2.18e-29       2.19e-30       1.85e-30       1.84e-30       2.11e-25  \\
          2p     1.39e-15       0.00e+00       8.31e-18       2.76e-19       7.91e-20       6.23e-21       7.04e-22       4.66e-22       3.26e-22       2.06e-19  \\
          3s     3.79e-17       1.74e-13       0.00e+00       2.02e-11       3.77e-12       1.88e-12       1.78e-13       1.15e-13       2.51e-14       1.75e-11  \\
          3p     2.56e-18       2.80e-14       9.78e-11       0.00e+00       2.23e-10       3.55e-11       3.30e-12       2.21e-12       2.27e-13       4.25e-11  \\
          3d     4.91e-19       6.22e-15       1.42e-11       1.72e-10       0.00e+00       2.92e-12       2.74e-13       1.83e-13       1.63e-14       3.27e-12  \\
          4s     1.70e-18       3.53e-14       5.15e-10       1.97e-09       2.10e-10       0.00e+00       9.22e-19       4.08e-19       2.33e-20       3.42e-13  \\
          4p     1.78e-19       2.97e-15       4.51e-11       1.58e-10       1.72e-11       8.17e-19       0.00e+00       0.00e+00       0.00e+00       3.95e-14  \\
          4d     9.07e-20       1.30e-15       1.89e-11       6.67e-11       7.31e-12       2.48e-19       0.00e+00       0.00e+00       0.00e+00       0.00e+00  \\
          4f     2.69e-20       5.87e-16       3.10e-12       5.49e-12       5.10e-13       1.01e-20       0.00e+00       0.00e+00       0.00e+00       0.00e+00  \\
       ionic     4.12e-13       2.65e-11       1.07e-07       5.39e-08       5.34e-09       7.63e-12       9.30e-13       0.00e+00       0.00e+00       0.00e+00  \\
4000 K
                    2s             2p             3s             3p             3d             4s             4p             4d             4f          ionic
          2s     0.00e+00       3.62e-17       2.70e-21       9.94e-23       1.58e-23       2.30e-24       3.88e-25       3.46e-25       3.45e-25       4.62e-19  \\
          2p     2.57e-15       0.00e+00       1.23e-15       7.06e-17       1.34e-17       3.10e-18       5.86e-19       4.09e-19       2.87e-19       7.92e-16  \\
          3s     4.79e-17       3.09e-13       0.00e+00       5.95e-11       9.15e-12       1.16e-11       1.79e-12       1.21e-12       2.66e-13       5.53e-10  \\
          3p     2.25e-18       2.25e-14       7.56e-11       0.00e+00       1.26e-10       5.96e-11       8.73e-12       6.14e-12       6.36e-13       3.42e-10  \\
          3d     2.42e-19       2.91e-15       7.93e-12       8.56e-11       0.00e+00       4.35e-12       6.38e-13       4.49e-13       4.02e-14       2.39e-11  \\
          4s     6.07e-19       1.27e-14       1.92e-10       7.62e-10       8.16e-11       0.00e+00       5.72e-19       2.67e-19       1.54e-20       1.47e-12  \\
          4p     6.33e-20       1.06e-15       1.61e-11       5.69e-11       6.19e-12       3.01e-19       0.00e+00       0.00e+00       0.00e+00       1.54e-13  \\
          4d     3.23e-20       4.63e-16       6.75e-12       2.39e-11       2.62e-12       9.10e-20       0.00e+00       0.00e+00       0.00e+00       0.00e+00  \\
          4f     9.60e-21       2.09e-16       1.11e-12       1.98e-12       1.84e-13       3.73e-21       0.00e+00       0.00e+00       0.00e+00       0.00e+00  \\
       ionic     1.29e-12       3.11e-11       8.67e-08       4.22e-08       4.33e-09       1.39e-11       2.60e-12       0.00e+00       0.00e+00       0.00e+00  \\
6000 K
                    2s             2p             3s             3p             3d             4s             4p             4d             4f          ionic
          2s     0.00e+00       4.18e-16       1.17e-19       5.33e-21       5.90e-22       8.37e-23       1.68e-23       1.52e-23       1.52e-23       8.08e-17  \\
          2p     4.97e-15       0.00e+00       9.51e-15       5.53e-16       7.32e-17       1.89e-17       4.24e-18       3.02e-18       2.12e-18       1.55e-14  \\
          3s     7.96e-17       5.45e-13       0.00e+00       8.30e-11       1.08e-11       1.64e-11       2.96e-12       2.04e-12       4.49e-13       1.72e-09  \\
          3p     2.96e-18       2.58e-14       6.75e-11       0.00e+00       8.37e-11       5.46e-11       9.29e-12       6.64e-12       6.91e-13       6.59e-10  \\
          3d     2.13e-19       2.23e-15       5.74e-12       5.44e-11       0.00e+00       3.82e-12       6.51e-13       4.65e-13       4.18e-14       4.67e-11  \\
          4s     3.32e-19       6.94e-15       1.06e-10       4.27e-10       4.59e-11       0.00e+00       3.76e-19       1.78e-19       1.03e-20       3.22e-12  \\
          4p     3.46e-20       5.76e-16       8.81e-12       3.12e-11       3.39e-12       1.66e-19       0.00e+00       0.00e+00       0.00e+00       3.36e-13  \\
          4d     1.76e-20       2.53e-16       3.68e-12       1.31e-11       1.44e-12       5.01e-20       0.00e+00       0.00e+00       0.00e+00       0.00e+00  \\
          4f     5.24e-21       1.14e-16       6.04e-13       1.08e-12       1.01e-13       2.06e-21       0.00e+00       0.00e+00       0.00e+00       0.00e+00  \\
       ionic     2.54e-12       4.11e-11       7.95e-08       3.74e-08       4.05e-09       2.29e-11       5.05e-12       0.00e+00       0.00e+00       0.00e+00  \\
8000 K
                    2s             2p             3s             3p             3d             4s             4p             4d             4f          ionic
          2s     0.00e+00       1.90e-15       1.11e-18       5.49e-20       4.86e-21       4.44e-22       9.73e-23       8.91e-23       8.89e-23       1.16e-15  \\
          2p     9.27e-15       0.00e+00       3.24e-14       1.84e-15       1.92e-16       4.12e-17       1.00e-17       7.22e-18       5.06e-18       7.81e-14  \\
          3s     1.48e-16       8.89e-13       0.00e+00       9.90e-11       1.13e-11       1.71e-11       3.36e-12       2.34e-12       5.14e-13       3.04e-09  \\
          3p     4.77e-18       3.28e-14       6.44e-11       0.00e+00       6.14e-11       4.60e-11       8.44e-12       6.08e-12       6.34e-13       9.02e-10  \\
          3d     2.69e-19       2.19e-15       4.73e-12       3.91e-11       0.00e+00       3.16e-12       5.79e-13       4.17e-13       3.76e-14       6.62e-11  \\
          4s     2.16e-19       4.52e-15       6.97e-11       2.82e-10       3.03e-11       0.00e+00       2.68e-19       1.28e-19       7.43e-21       5.37e-12  \\
          4p     2.25e-20       3.75e-16       5.73e-12       2.03e-11       2.21e-12       1.08e-19       0.00e+00       0.00e+00       0.00e+00       5.59e-13  \\
          4d     1.15e-20       1.64e-16       2.40e-12       8.51e-12       9.35e-13       3.28e-20       0.00e+00       0.00e+00       0.00e+00       0.00e+00  \\
          4f     3.41e-21       7.40e-17       3.93e-13       7.06e-13       6.59e-14       1.35e-21       0.00e+00       0.00e+00       0.00e+00       0.00e+00  \\
       ionic     3.89e-12       5.37e-11       7.61e-08       3.47e-08       3.98e-09       3.30e-11       7.94e-12       0.00e+00       0.00e+00       0.00e+00  \\
