     State    L_A 2S_A+1      n      l  E_j^X  E_lim    E_j   N_eq       Core    L_c 2S_c+1          G
    3s2.1S      0      1      3      0      0  61671      0      2     Mg+.3s      0      2      1.000
    3p.3Po      1      3      3      1  21870  61671  21870      1     Mg+.3s      0      2      1.000
    3p.1Po      1      1      3      1  35051  61671  35051      1     Mg+.3s      0      2      1.000
     4s.3S      0      3      4      0  41197  61671  41197      1     Mg+.3s      0      2      1.000
     4s.1S      0      1      4      0  43503  61671  43503      1     Mg+.3s      0      2      1.000
     3d.1D      2      1      3      2  46403  61671  46403      1     Mg+.3s      0      2      1.000
    4p.3Po      1      3      4      1  47844  61671  47844      1     Mg+.3s      0      2      1.000
     3d.3D      2      3      3      2  47957  61671  47957      1     Mg+.3s      0      2      1.000
    4p.1Po      1      1      4      1  49346  61671  49346      1     Mg+.3s      0      2      1.000
     5s.3S      0      3      5      0  51872  61671  51872      1     Mg+.3s      0      2      1.000
     5s.1S      0      1      5      0  52556  61671  52556      1     Mg+.3s      0      2      1.000
     4d.1D      2      1      4      2  53134  61671  53134      1     Mg+.3s      0      2      1.000
     4d.3D      2      3      4      2  54192  61671  54192      1     Mg+.3s      0      2      1.000
    5p.3Po      1      3      5      1  54250  61671  54250      1     Mg+.3s      0      2      1.000
    4f.3Fo      3      3      4      3  54676  61671  54676      1     Mg+.3s      0      2      1.000
    4f.1Fo      3      1      4      3  54676  61671  54676      1     Mg+.3s      0      2      1.000
    5p.1Po      1      1      5      1  54706  61671  54706      1     Mg+.3s      0      2      1.000
    Mg+.3s      0      2      0      0  61671      0  55588      0     Mg+.3s      0      2      0.000
