3p^2^ ^3^P   0.00E+00  0.00E+00  0.00E+00  0.00E+00  0.00E+00  0.00E+00  0.00E+00  0.00E+00  0.00E+00  0.00E+00  0.00E+00  0.00E+00  0.00E+00  0.00E+00  0.00E+00  0.00E+00  0.00E+00  0.00E+00  0.00E+00  0.00E+00  0.00E+00  0.00E+00  0.00E+00  0.00E+00  0.00E+00  0.00E+00  0.00E+00
3p^2^ ^1^D   0.00E+00  0.00E+00  3.36E-11  5.18E-13  1.06E-13  6.18E-15  2.09E-15  9.87E-16  4.87E-16  2.06E-16  8.87E-24  1.26E-16  1.00E-16  7.34E-17  1.38E-24  3.33E-18  3.20E-18  6.72E-19  4.74E-19  2.66E-19  1.58E-19  1.46E-19  9.95E-20  8.51E-20  6.96E-20  9.27E-20  2.14E-16
3p^2^ ^1^S   0.00E+00  1.09E-09  0.00E+00  1.36E-12  3.46E-13  1.93E-20  0.00E+00  0.00E+00  5.83E-21  0.00E+00  2.88E-21  2.34E-21  1.98E-21  1.40E-21  4.51E-22  4.97E-23  4.92E-23  0.00E+00  4.96E-24  1.63E-24  0.00E+00  4.00E-25  0.00E+00  3.58E-25  0.00E+00  4.88E-25  9.35E-21
3p4s ^3^P    0.00E+00  2.85E-10  2.31E-11  0.00E+00  6.53E-10  8.74E-11  2.18E-11  9.83E-12  8.02E-12  1.89E-12  1.37E-12  2.09E-12  1.61E-12  1.14E-12  1.78E-13  4.92E-14  4.74E-14  5.87E-15  8.05E-15  5.73E-15  5.52E-15  9.33E-15  2.15E-15  7.52E-15  3.07E-15  8.56E-15  3.23E-12
3p4s ^1^P    0.00E+00  2.21E-10  2.22E-11  2.48E-09  0.00E+00  1.75E-09  3.07E-10  1.23E-10  1.27E-10  2.11E-11  2.68E-11  3.01E-11  2.25E-11  1.57E-11  3.16E-12  6.92E-13  6.55E-13  6.72E-14  1.24E-13  9.43E-14  7.36E-14  1.68E-13  2.56E-14  1.42E-13  4.10E-14  1.66E-13  3.54E-11
3s3p^3^ ^3^D 0.00E+00  6.25E-12  6.00E-19  1.60E-10  8.47E-10  0.00E+00  7.09E-10  2.34E-10  3.43E-10  3.33E-11  7.84E-11  6.66E-11  4.68E-11  3.17E-11  7.76E-12  1.39E-12  1.30E-12  9.94E-14  2.68E-13  2.15E-13  1.28E-13  4.39E-13  3.84E-14  3.86E-13  7.29E-14  4.86E-13  5.59E-11
3p4p ^1^P    0.00E+00  1.59E-11  0.00E+00  3.01E-10  1.12E-09  5.33E-09  0.00E+00  4.80E-09  1.63E-09  5.20E-10  0.00E+00  2.70E-10  1.94E-10  1.36E-10  0.00E+00  6.05E-12  5.65E-12  1.49E-12  1.16E-12  9.50E-13  2.05E-12  1.49E-12  5.69E-13  1.24E-12  1.14E-12  8.68E-13  2.52E-10
3p3d ^1^D    0.00E+00  4.56E-12  0.00E+00  8.25E-11  2.72E-10  1.07E-09  2.92E-09  0.00E+00  2.74E-09  7.28E-10  0.00E+00  3.51E-10  2.41E-10  1.67E-10  0.00E+00  7.49E-12  6.89E-12  1.91E-12  1.50E-12  1.27E-12  2.77E-12  1.92E-12  7.14E-13  1.62E-12  1.51E-12  1.08E-12  2.59E-10
3p4p ^3^D    0.00E+00  8.85E-13  3.27E-19  2.65E-11  1.11E-10  6.17E-10  3.91E-10  1.08E-09  0.00E+00  7.53E-10  4.02E-10  5.27E-10  3.33E-10  2.21E-10  2.82E-11  9.55E-12  8.70E-12  1.63E-12  2.01E-12  1.71E-12  2.50E-12  3.07E-12  5.85E-13  2.67E-12  1.33E-12  2.73E-12  2.74E-10
3p4p ^3^P    0.00E+00  7.61E-13  0.00E+00  1.27E-11  3.74E-11  1.22E-10  2.53E-10  5.83E-10  1.53E-09  0.00E+00  0.00E+00  1.39E-09  7.73E-10  4.98E-10  0.00E+00  2.08E-11  1.85E-11  5.66E-12  4.48E-12  3.99E-12  9.21E-12  5.40E-12  1.88E-12  4.90E-12  4.69E-12  2.85E-12  4.86E-10
3p4p ^3^S    0.00E+00  1.04E-19  1.04E-18  2.92E-11  1.51E-10  9.10E-10  0.00E+00  0.00E+00  2.59E-09  0.00E+00  0.00E+00  2.27E-09  1.20E-09  7.20E-10  2.37E-10  2.78E-11  2.51E-11  0.00E+00  6.07E-12  5.07E-12  0.00E+00  1.26E-11  0.00E+00  1.05E-11  0.00E+00  1.59E-11  6.78E-10
3p3d ^3^F    0.00E+00  2.37E-13  1.36E-19  7.16E-12  2.72E-11  1.24E-10  6.69E-11  1.43E-10  5.45E-10  7.09E-10  3.65E-10  0.00E+00  1.03E-09  5.87E-10  5.74E-11  2.17E-11  1.92E-11  4.23E-12  4.79E-12  4.25E-12  6.96E-12  6.87E-12  1.30E-12  6.00E-12  3.38E-12  5.75E-12  4.37E-10
3p4p ^1^D    0.00E+00  8.30E-13  5.06E-19  2.43E-11  8.93E-11  3.83E-10  2.12E-10  4.32E-10  1.52E-09  1.73E-09  8.50E-10  4.54E-09  0.00E+00  4.67E-09  4.17E-10  1.50E-10  1.30E-10  2.97E-11  3.35E-11  3.01E-11  4.97E-11  4.78E-11  8.51E-12  4.11E-11  2.30E-11  3.98E-11  2.57E-09
3p3d ^3^P    0.00E+00  3.62E-13  2.13E-19  1.03E-11  3.71E-11  1.55E-10  8.84E-11  1.78E-10  6.00E-10  6.65E-10  3.03E-10  1.54E-09  2.78E-09  0.00E+00  4.04E-10  1.38E-10  1.17E-10  2.80E-11  3.10E-11  2.83E-11  4.77E-11  4.32E-11  7.20E-12  3.64E-11  2.05E-11  3.57E-11  1.91E-09
3p4p ^1^S    0.00E+00  7.64E-20  7.71E-19  1.79E-11  8.40E-11  4.26E-10  0.00E+00  0.00E+00  8.59E-10  0.00E+00  1.12E-09  1.69E-09  2.79E-09  4.54E-09  0.00E+00  4.40E-10  3.71E-10  0.00E+00  1.01E-10  8.23E-11  0.00E+00  2.41E-10  0.00E+00  1.48E-10  0.00E+00  2.89E-10  5.04E-09
3p3d ^1^F    0.00E+00  3.78E-14  1.74E-20  1.02E-12  3.77E-12  1.56E-11  9.05E-12  1.84E-11  5.96E-11  6.38E-11  2.69E-11  1.31E-10  2.06E-10  3.18E-10  9.01E-11  0.00E+00  1.61E-10  2.08E-11  1.99E-11  1.53E-11  2.80E-11  2.20E-11  2.25E-12  1.40E-11  7.34E-12  3.18E-11  7.20E-10
3p3d ^1^P    0.00E+00  8.53E-14  4.04E-20  2.29E-12  8.37E-12  3.43E-11  1.98E-11  3.97E-11  1.27E-10  1.33E-10  5.69E-11  2.71E-10  4.19E-10  6.33E-10  1.78E-10  3.77E-10  0.00E+00  5.13E-11  4.70E-11  3.59E-11  6.67E-11  5.31E-11  5.28E-12  3.33E-11  1.73E-11  7.46E-11  1.71E-09
3p3d ^3^D    0.00E+00  4.25E-15  0.00E+00  6.75E-14  2.04E-13  6.22E-13  1.24E-12  2.61E-12  5.66E-12  9.69E-12  0.00E+00  1.42E-11  2.27E-11  3.59E-11  0.00E+00  1.16E-11  1.22E-11  0.00E+00  4.39E-12  1.87E-12  3.63E-12  9.67E-13  2.32E-13  8.04E-13  8.18E-13  4.47E-13  5.82E-11
3p5s ^3^P    0.00E+00  5.21E-15  1.68E-21  1.61E-13  6.53E-13  2.92E-12  1.68E-12  3.57E-12  1.21E-11  1.33E-11  5.68E-12  2.79E-11  4.45E-11  6.90E-11  2.00E-11  1.92E-11  1.94E-11  7.63E-12  0.00E+00  4.49E-12  4.06E-12  3.20E-12  2.36E-13  1.78E-12  8.95E-13  2.66E-11  9.79E-11
3p5s ^1^P    0.00E+00  9.60E-15  1.81E-21  3.76E-13  1.64E-12  7.69E-12  4.52E-12  9.93E-12  3.40E-11  3.90E-11  1.56E-11  8.14E-11  1.32E-10  2.08E-10  5.36E-11  4.87E-11  4.88E-11  1.07E-11  1.48E-11  0.00E+00  4.66E-12  3.47E-12  2.55E-13  1.79E-12  9.00E-13  5.98E-11  1.05E-10
3p4d ^1^D    0.00E+00  4.78E-15  0.00E+00  3.04E-13  1.07E-12  3.83E-12  8.17E-12  1.82E-11  4.16E-11  7.55E-11  0.00E+00  1.12E-10  1.82E-10  2.93E-10  0.00E+00  7.47E-11  7.59E-11  1.74E-11  1.12E-11  3.91E-12  0.00E+00  1.59E-15  3.81E-16  4.46E-16  3.86E-16  2.26E-16  3.86E-14
3p4d ^3^P    0.00E+00  2.56E-15  2.16E-22  2.97E-13  1.41E-12  7.62E-12  3.44E-12  7.28E-12  2.96E-11  2.56E-11  1.89E-11  6.40E-11  1.01E-10  1.53E-10  7.61E-11  3.39E-11  3.50E-11  2.68E-12  5.10E-12  1.68E-12  9.20E-16  0.00E+00  1.11E-16  1.70E-16  5.14E-17  7.10E-11  7.51E-15
3p5p ^1^P    0.00E+00  5.32E-15  0.00E+00  2.09E-13  6.57E-13  2.03E-12  4.01E-12  8.27E-12  1.72E-11  2.72E-11  0.00E+00  3.68E-11  5.50E-11  7.80E-11  0.00E+00  1.06E-11  1.06E-11  1.96E-12  1.15E-12  3.78E-13  6.73E-16  3.40E-16  0.00E+00  1.50E-16  8.21E-17  3.99E-17  8.18E-15
3p5p ^3^D    0.00E+00  9.71E-16  1.26E-22  1.56E-13  7.77E-13  4.35E-12  1.86E-12  4.01E-12  1.68E-11  1.51E-11  1.02E-11  3.63E-11  5.66E-11  8.40E-11  3.04E-11  1.41E-11  1.43E-11  1.45E-12  1.85E-12  5.67E-13  1.68E-16  1.10E-16  3.21E-17  0.00E+00  1.49E-18  9.74E-12  1.14E-16
3p5p ^3^P    0.00E+00  1.41E-15  0.00E+00  1.13E-13  3.99E-13  1.46E-12  3.04E-12  6.61E-12  1.48E-11  2.57E-11  0.00E+00  3.64E-11  5.63E-11  8.40E-11  0.00E+00  1.31E-11  1.32E-11  2.62E-12  1.65E-12  5.05E-13  2.58E-16  5.94E-17  3.11E-17  2.64E-18  0.00E+00  2.64E-13  2.66E-18
3p4d ^3^F    0.00E+00  8.19E-16  1.33E-22  1.37E-13  7.06E-13  4.24E-12  1.01E-12  2.06E-12  1.33E-11  6.81E-12  1.20E-11  2.70E-11  4.25E-11  6.40E-11  4.60E-11  2.48E-11  2.48E-11  6.24E-13  2.14E-11  1.46E-11  6.59E-17  3.58E-11  6.60E-18  7.55E-12  1.15E-13  0.00E+00  4.69E-19
Si^+^+H^-^   0.00E+00  2.08E-11  2.81E-17  5.71E-10  1.65E-09  5.39E-09  3.23E-09  5.47E-09  1.47E-08  1.28E-08  5.63E-09  2.26E-08  3.02E-08  3.78E-08  8.86E-09  6.18E-09  6.25E-09  8.96E-10  8.68E-10  2.84E-10  1.24E-13  4.17E-14  1.49E-14  9.71E-16  1.28E-17  5.17E-18  0.00E+00
