3p^2^ ^3^P   0.00E+00  0.00E+00  0.00E+00  0.00E+00  0.00E+00  0.00E+00  0.00E+00  0.00E+00  0.00E+00  0.00E+00  0.00E+00  0.00E+00  0.00E+00  0.00E+00  0.00E+00  0.00E+00  0.00E+00  0.00E+00  0.00E+00  0.00E+00  0.00E+00  0.00E+00  0.00E+00  0.00E+00  0.00E+00  0.00E+00  0.00E+00
3p^2^ ^1^D   0.00E+00  0.00E+00  4.21E-11  1.16E-12  2.70E-13  1.78E-14  6.46E-15  3.22E-15  1.64E-15  7.10E-16  4.52E-23  4.37E-16  3.54E-16  2.58E-16  7.16E-24  1.13E-17  1.09E-17  2.19E-18  1.52E-18  8.07E-19  4.69E-19  4.37E-19  2.98E-19  2.57E-19  2.13E-19  2.83E-19  9.03E-16
3p^2^ ^1^S   0.00E+00  1.08E-09  0.00E+00  2.30E-12  6.76E-13  7.61E-20  0.00E+00  0.00E+00  2.37E-20  0.00E+00  1.19E-20  9.76E-21  8.37E-21  5.95E-21  1.90E-21  2.06E-22  2.05E-22  0.00E+00  2.00E-23  6.09E-24  0.00E+00  9.46E-25  0.00E+00  8.55E-25  0.00E+00  1.18E-24  4.46E-20
3p4s ^3^P    0.00E+00  2.69E-10  2.08E-11  0.00E+00  7.76E-10  1.09E-10  2.90E-11  1.38E-11  1.15E-11  2.81E-12  1.95E-12  3.11E-12  2.44E-12  1.72E-12  2.59E-13  7.11E-14  6.87E-14  8.17E-15  1.08E-14  7.28E-15  6.96E-15  1.19E-14  2.72E-15  9.59E-15  3.94E-15  1.11E-14  5.78E-12
3p4s ^1^P    0.00E+00  2.31E-10  2.25E-11  2.86E-09  0.00E+00  2.01E-09  3.81E-10  1.61E-10  1.67E-10  2.95E-11  3.53E-11  4.15E-11  3.15E-11  2.20E-11  4.28E-12  9.36E-13  8.93E-13  8.79E-14  1.57E-13  1.15E-13  8.99E-14  2.06E-13  3.16E-14  1.76E-13  5.13E-14  2.08E-13  5.99E-11
3s3p^3^ ^3^D 0.00E+00  6.61E-12  1.10E-18  1.75E-10  8.72E-10  0.00E+00  7.70E-10  2.72E-10  3.84E-10  4.07E-11  8.91E-11  7.93E-11  5.70E-11  3.86E-11  9.17E-12  1.64E-12  1.55E-12  1.15E-13  2.99E-13  2.32E-13  1.40E-13  4.83E-13  4.24E-14  4.29E-13  8.17E-14  5.45E-13  8.27E-11
3p4p ^1^P    0.00E+00  1.71E-11  0.00E+00  3.31E-10  1.18E-09  5.50E-09  0.00E+00  5.14E-09  1.81E-09  5.86E-10  0.00E+00  3.10E-10  2.27E-10  1.59E-10  0.00E+00  6.82E-12  6.41E-12  1.61E-12  1.23E-12  9.73E-13  2.13E-12  1.56E-12  5.98E-13  1.30E-12  1.22E-12  9.21E-13  3.55E-10
3p3d ^1^D    0.00E+00  5.18E-12  0.00E+00  9.58E-11  3.04E-10  1.18E-09  3.12E-09  0.00E+00  2.90E-09  7.94E-10  0.00E+00  3.91E-10  2.74E-10  1.90E-10  0.00E+00  8.26E-12  7.68E-12  2.03E-12  1.57E-12  1.30E-12  2.87E-12  2.00E-12  7.49E-13  1.71E-12  1.60E-12  1.15E-12  3.60E-10
3p4p ^3^D    0.00E+00  1.02E-12  5.73E-19  3.06E-11  1.21E-10  6.42E-10  4.23E-10  1.12E-09  0.00E+00  7.77E-10  4.13E-10  5.61E-10  3.64E-10  2.41E-10  3.04E-11  1.02E-11  9.37E-12  1.67E-12  2.05E-12  1.72E-12  2.54E-12  3.14E-12  5.98E-13  2.76E-12  1.38E-12  2.84E-12  3.67E-10
3p4p ^3^P    0.00E+00  8.73E-13  0.00E+00  1.49E-11  4.25E-11  1.35E-10  2.72E-10  6.07E-10  1.54E-09  0.00E+00  0.00E+00  1.41E-09  8.12E-10  5.22E-10  0.00E+00  2.14E-11  1.92E-11  5.64E-12  4.44E-12  3.88E-12  9.17E-12  5.41E-12  1.89E-12  4.93E-12  4.76E-12  2.90E-12  6.28E-10
3p4p ^3^S    0.00E+00  1.75E-19  1.80E-18  3.26E-11  1.60E-10  9.31E-10  0.00E+00  0.00E+00  2.58E-09  0.00E+00  0.00E+00  2.30E-09  1.26E-09  7.54E-10  2.44E-10  2.85E-11  2.60E-11  0.00E+00  5.97E-12  4.90E-12  0.00E+00  1.25E-11  0.00E+00  1.06E-11  0.00E+00  1.61E-11  8.77E-10
3p3d ^3^F    0.00E+00  2.68E-13  2.33E-19  8.20E-12  2.98E-11  1.31E-10  7.18E-11  1.49E-10  5.54E-10  7.04E-10  3.64E-10  0.00E+00  1.05E-09  5.93E-10  5.77E-11  2.17E-11  1.93E-11  4.12E-12  4.61E-12  4.05E-12  6.80E-12  6.74E-12  1.27E-12  5.93E-12  3.36E-12  5.73E-12  5.48E-10
3p4p ^1^D    0.00E+00  9.48E-13  8.74E-19  2.82E-11  9.89E-11  4.12E-10  2.30E-10  4.57E-10  1.57E-09  1.77E-09  8.72E-10  4.58E-09  0.00E+00  4.60E-09  4.10E-10  1.49E-10  1.30E-10  2.86E-11  3.22E-11  2.86E-11  4.82E-11  4.66E-11  8.33E-12  4.04E-11  2.28E-11  3.95E-11  3.19E-09
3p3d ^3^P    0.00E+00  4.08E-13  3.67E-19  1.17E-11  4.07E-11  1.65E-10  9.48E-11  1.87E-10  6.17E-10  6.72E-10  3.08E-10  1.53E-09  2.72E-09  0.00E+00  3.89E-10  1.34E-10  1.15E-10  2.67E-11  2.94E-11  2.65E-11  4.58E-11  4.17E-11  6.98E-12  3.54E-11  2.01E-11  3.52E-11  2.35E-09
3p4p ^1^S    0.00E+00  1.24E-19  1.28E-18  1.93E-11  8.68E-11  4.28E-10  0.00E+00  0.00E+00  8.49E-10  0.00E+00  1.09E-09  1.63E-09  2.65E-09  4.25E-09  0.00E+00  4.18E-10  3.55E-10  0.00E+00  9.33E-11  7.56E-11  0.00E+00  2.27E-10  0.00E+00  1.40E-10  0.00E+00  2.77E-10  6.00E-09
3p3d ^1^F    0.00E+00  3.82E-14  2.72E-20  1.04E-12  3.71E-12  1.50E-11  8.72E-12  1.74E-11  5.57E-11  5.88E-11  2.49E-11  1.20E-10  1.87E-10  2.87E-10  8.19E-11  0.00E+00  1.50E-10  1.87E-11  1.79E-11  1.36E-11  2.52E-11  1.99E-11  2.04E-12  1.28E-11  6.71E-12  2.92E-11  8.15E-10
3p3d ^1^P    0.00E+00  8.67E-14  6.34E-20  2.35E-12  8.30E-12  3.31E-11  1.92E-11  3.79E-11  1.20E-10  1.24E-10  5.32E-11  2.50E-10  3.85E-10  5.78E-10  1.63E-10  3.51E-10  0.00E+00  4.64E-11  4.22E-11  3.19E-11  6.00E-11  4.80E-11  4.77E-12  3.03E-11  1.59E-11  6.84E-11  1.93E-09
3p3d ^3^D    0.00E+00  4.05E-15  0.00E+00  6.49E-14  1.90E-13  5.72E-13  1.12E-12  2.33E-12  4.98E-12  8.47E-12  0.00E+00  1.24E-11  1.97E-11  3.11E-11  0.00E+00  1.02E-11  1.08E-11  0.00E+00  3.90E-12  1.65E-12  3.19E-12  8.58E-13  2.06E-13  7.22E-13  7.32E-13  4.02E-13  6.44E-11
3p5s ^3^P    0.00E+00  4.85E-15  2.49E-21  1.49E-13  5.87E-13  2.57E-12  1.48E-12  3.12E-12  1.05E-11  1.15E-11  4.91E-12  2.40E-11  3.83E-11  5.91E-11  1.72E-11  1.68E-11  1.70E-11  6.74E-12  0.00E+00  3.94E-12  3.55E-12  2.81E-12  2.08E-13  1.58E-12  7.96E-13  2.38E-11  1.08E-10
3p5s ^1^P    0.00E+00  8.37E-15  2.46E-21  3.25E-13  1.39E-12  6.49E-12  3.81E-12  8.36E-12  2.86E-11  3.27E-11  1.31E-11  6.84E-11  1.11E-10  1.74E-10  4.53E-11  4.16E-11  4.16E-11  9.24E-12  1.28E-11  0.00E+00  4.04E-12  3.02E-12  2.23E-13  1.58E-12  7.95E-13  5.33E-11  1.15E-10
3p4d ^1^D    0.00E+00  3.91E-15  0.00E+00  2.50E-13  8.78E-13  3.14E-12  6.72E-12  1.49E-11  3.42E-11  6.22E-11  0.00E+00  9.25E-11  1.50E-10  2.41E-10  0.00E+00  6.20E-11  6.30E-11  1.44E-11  9.29E-12  3.25E-12  0.00E+00  1.35E-15  3.27E-16  3.78E-16  3.28E-16  1.92E-16  4.05E-14
3p4d ^3^P    0.00E+00  2.10E-15  1.77E-22  2.45E-13  1.16E-12  6.26E-12  2.83E-12  5.98E-12  2.43E-11  2.11E-11  1.55E-11  5.28E-11  8.34E-11  1.27E-10  6.29E-11  2.81E-11  2.90E-11  2.23E-12  4.24E-12  1.40E-12  7.75E-16  0.00E+00  9.46E-17  1.42E-16  4.33E-17  6.03E-11  7.87E-15
3p5p ^1^P    0.00E+00  4.35E-15  0.00E+00  1.71E-13  5.40E-13  1.67E-12  3.30E-12  6.80E-12  1.41E-11  2.24E-11  0.00E+00  3.03E-11  4.54E-11  6.44E-11  0.00E+00  8.81E-12  8.78E-12  1.63E-12  9.53E-13  3.15E-13  5.72E-16  2.88E-16  0.00E+00  1.26E-16  6.92E-17  3.37E-17  8.46E-15
3p5p ^3^D    0.00E+00  7.95E-16  1.03E-22  1.28E-13  6.37E-13  3.57E-12  1.52E-12  3.29E-12  1.38E-11  1.24E-11  8.43E-12  2.99E-11  4.66E-11  6.92E-11  2.51E-11  1.17E-11  1.18E-11  1.21E-12  1.54E-12  4.71E-13  1.40E-16  9.18E-17  2.66E-17  0.00E+00  1.24E-18  8.26E-12  1.18E-16
3p5p ^3^P    0.00E+00  1.16E-15  0.00E+00  9.24E-14  3.27E-13  1.20E-12  2.50E-12  5.43E-12  1.21E-11  2.11E-11  0.00E+00  2.99E-11  4.63E-11  6.91E-11  0.00E+00  1.08E-11  1.09E-11  2.16E-12  1.36E-12  4.18E-13  2.14E-16  4.92E-17  2.58E-17  2.19E-18  0.00E+00  2.23E-13  2.74E-18
3p4d ^3^F    0.00E+00  6.70E-16  1.09E-22  1.13E-13  5.79E-13  3.48E-12  8.25E-13  1.69E-12  1.09E-11  5.59E-12  9.83E-12  2.22E-11  3.49E-11  5.26E-11  3.79E-11  2.04E-11  2.04E-11  5.16E-13  1.77E-11  1.22E-11  5.47E-17  2.98E-11  5.47E-18  6.33E-12  9.69E-14  0.00E+00  4.83E-19
Si^+^+H^-^   0.00E+00  2.23E-11  4.29E-17  6.15E-10  1.73E-09  5.51E-09  3.31E-09  5.52E-09  1.46E-08  1.26E-08  5.59E-09  2.21E-08  2.94E-08  3.66E-08  8.56E-09  5.95E-09  6.02E-09  8.62E-10  8.35E-10  2.74E-10  1.20E-13  4.05E-14  1.43E-14  9.44E-16  1.24E-17  5.03E-18  0.00E+00
