     State    L_A 2S_A+1      n      l  E_j^X  E_lim    E_j   N_eq       Core    L_c 2S_c+1          G
       a5D      2      5      4      0      0  63335      0      2    Fe+.a6D      2      6      0.775
       a5D      2      5      4      0      0  71239      0      2    Fe+.a4D      2      4     -0.632
       a5F      3      5      4      0   7057  65335   7057      1    Fe+.a4F      3      4      1.000
       a3F      3      3      4      0  12004  65335  12004      1    Fe+.a4F      3      4      1.000
       a5P      1      5      4      0  17282  76531  17282      1    Fe+.a4P      1      4      1.000
      a3P2      1      3      4      0  18378  89088  18378      2    Fe+.b2P      1      2     -0.577
      a3P2      1      3      4      0  18551  84340  18551      2    Fe+.b4P      1      4      0.816
       a3H      5      3      4      0  19173  84952  19173      2    Fe+.a4H      5      4      0.816
       a3H      5      3      4      0  19173  89172  19173      2    Fe+.b2H      5      2     -0.577
      z7Do      2      7      4      1  19221  63335  19221      1    Fe+.a6D      2      6      1.000
      b3F2      3      3      4      0  20411  86337  20411      2    Fe+.b4F      3      4      0.816
      b3F2      3      3      4      0  20411  90365  20411      2    Fe+.a2F      3      2     -0.577
       a3G      4      3      4      0  21546  78997  21546      1    Fe+.a2G      4      2      1.000
       b3P      1      3      4      0  22495  76531  22495      1    Fe+.a4P      1      4      1.000
      z7Fo      3      7      4      1  22525  63335  22525      1    Fe+.a6D      2      6      1.000
       b3G      4      3      4      0  23636  88669  23636      2    Fe+.a4G      4      4      0.816
       b3G      4      3      4      0  23636  93474  23636      2    Fe+.b2G      4      2     -0.577
      z7Po      1      7      4      1  23654  63335  23654      1    Fe+.a6D      2      6      1.000
       c3P      1      3      4      0  24162  81455  24162      1    Fe+.a2P      1      2      1.000
       a1G      4      1      4      0  24172  78997  24172      1    Fe+.a2G      4      2      1.000
      z5Do      2      5      4      1  25748  63335  25748      1    Fe+.a6D      2      6      0.707
      z5Do      2      5      4      1  25748  71239  25748      1    Fe+.a4D      2      4     -0.707
       b3H      5      3      4      0  25927  83471  25927      1    Fe+.a2H      5      2      1.000
       a3D      2      3      4      0  25991  83752  25991      1   Fe+.a2D2      2      2      1.000
      z5Fo      3      5      4      1  26817  63335  26817      1    Fe+.a6D      2      6      0.707
      z5Fo      3      5      4      1  26817  71239  26817      1    Fe+.a4D      2      4     -0.707
       a1P      1      1      4      0  27140  81455  27140      1    Fe+.a2P      1      2      1.000
       a1D      2      1      4      0  28202  83752  28202      1   Fe+.a2D2      2      2      1.000
       a1H      5      1      4      0  28417  83471  28417      1    Fe+.a2H      5      2      1.000
       a1I      6      1      4      0  28910  95810  28910      2    Fe+.a2I      6      2      1.000
      z5Po      1      5      4      1  28926  63335  28926      1    Fe+.a6D      2      6      0.707
      z5Po      1      5      4      1  28926  71239  28926      1    Fe+.a4D      2      4     -0.707
       b3D      2      3      4      0  28953  71239  28953      2    Fe+.a4D      2      4      0.707
       b3D      2      3      4      0  28953  94338  28953      2    Fe+.b4D      2      4     -0.707
      b1G2      4      1      4      0  29396  93474  29396      2    Fe+.b2G      4      2      1.000
      z3Do      2      3      4      1  31164  71239  31164      1    Fe+.a4D      2      4      1.000
      z3Fo      3      3      4      1  31267  71239  31267      1    Fe+.a4D      2      4      1.000
       c3F      3      3      3      2  32863  83471  32863      8    Fe+.a2H      5      2      0.443
       c3F      3      3      3      2  32863  78997  32863      8    Fe+.a2G      4      2      0.401
       c3F      3      3      3      2  32863  65335  32863      8    Fe+.a4F      3      4      0.632
       c3F      3      3      3      2  32863  94838  32863      8    Fe+.b2F      3      2     -0.148
       c3F      3      3      3      2  32863  83752  32863      8   Fe+.a2D2      2      2      0.164
       c3F      3      3      3      2  32863 110812  32863      8   Fe+.d2D1      2      2     -0.250
       c3F      3      3      3      2  32863  76531  32863      8    Fe+.a4P      1      4     -0.316
       c3F      3      3      3      2  32863  81455  32863      8    Fe+.a2P      1      2      0.169
      y5Do      2      5      4      1  33101  65335  33101      1    Fe+.a4F      3      4      1.000
      y5Fo      3      5      4      1  33715  65335  33715      1    Fe+.a4F      3      4      1.000
      z3Po      1      3      4      1  33750  71239  33750      1    Fe+.a4D      2      4      1.000
      b1D2      2      1      4      0  34234 101103  34234      2    Fe+.c2D      2      2      1.000
      z5Go      4      5      4      1  34741  65335  34741      1    Fe+.a4F      3      4      1.000
      z3Go      4      3      4      1  35287  65335  35287      1    Fe+.a4F      3      4      1.000
       d3F      3      3      4      0  36594  94838  36594      1    Fe+.b2F      3      2      1.000
      y5Po      1      5      4      1  36623  63335  36623      1    Fe+.a6D      2      6      0.707
      y5Po      1      5      4      1  36623  71239  36623      1    Fe+.a4D      2      4     -0.707
      y3Fo      3      3      4      1  36641  65335  36641      1    Fe+.a4F      3      4      1.000
      y3Do      2      3      4      1  38104  65335  38104      1    Fe+.a4F      3      4      1.000
      x5Do      2      5      4      1  39568  63335  39568      1    Fe+.a6D      2      6      0.707
      x5Do      2      5      4      1  39568  71239  39568      1    Fe+.a4D      2      4     -0.707
      y7Po      1      7      4      1  39859  86239  39859      1    Fe+.a6S      0      6      1.000
      x5Fo      3      5      4      1  40242  63335  40242      1    Fe+.a6D      2      6      0.707
      x5Fo      3      5      4      1  40242  71239  40242      1    Fe+.a4D      2      4     -0.707
      z5So      0      5      4      1  40492  84340  40492      1    Fe+.b4P      1      4      1.000
        3P      1      3      3      2  40611  65335  40611      8    Fe+.a4F      3      4     -0.483
        3P      1      3      3      2  40611  94838  40611      8    Fe+.b2F      3      2     -0.483
        3P      1      3      3      2  40611  83752  40611      8   Fe+.a2D2      2      2     -0.382
        3P      1      3      3      2  40611 110812  40611      8   Fe+.d2D1      2      2     -0.250
        3P      1      3      3      2  40611  76531  40611      8    Fe+.a4P      1      4     -0.183
        3P      1      3      3      2  40611  81455  40611      8    Fe+.a2P      1      2     -0.242
      x5Po      1      5      4      1  42348  84340  42348      1    Fe+.b4P      1      4      1.000
      y5Go      4      5      4      1  42563  84378  42563      1    Fe+.a4H      5      4      1.000
      z5Ho      5      5      4      1  42780  84378  42780      1    Fe+.a4H      5      4      1.000
       e7D      2      7      5      0  42824  63335  42824      1    Fe+.a6D      2      6      1.000
      z5Io      6      5      4      1  42833  84378  42833      1    Fe+.a4H      5      4      1.000
      w5Do      2      5      4      1  43500  84340  43500      1    Fe+.b4P      1      4      1.000
      v5Do      2      5      4      1  43909  85726  43909      1    Fe+.b4F      3      4      1.000
      w5Fo      3      5      4      1  43963  85726  43963      1    Fe+.b4F      3      4      1.000
      y5So      0      5      4      1  44109  76531  44109      1    Fe+.a4P      1      4      1.000
       e5D      2      5      5      0  44650  63335  44650      1    Fe+.a6D      2      6      1.000
      x3Do      2      3      4      1  44904  84340  44904      1    Fe+.b4P      1      4      0.707
      x3Do      2      3      4      1  44904  89088  44904      1    Fe+.b2P      1      2     -0.707
      y3Go      4      3      4      1  45005  84378  45005      1    Fe+.a4H      5      4      0.707
      y3Go      4      3      4      1  45005  89172  45005      1    Fe+.b2H      5      2     -0.707
      x5Go      4      5      4      1  45366  85726  45366      1    Fe+.b4F      3      4      1.000
      z3Io      6      3      4      1  45636  84378  45636      1    Fe+.a4H      5      4      0.707
      z3Io      6      3      4      1  45636  89172  45636      1    Fe+.b2H      5      2     -0.707
      w5Po      1      5      4      1  45848  76531  45848      1    Fe+.a4P      1      4      1.000
      z3So      0      3      4      1  46198  84340  46198      1    Fe+.b4P      1      4      0.707
      z3So      0      3      4      1  46198  89088  46198      1    Fe+.b2P      1      2     -0.707
      y3Po      1      3      4      1  46376  84340  46376      1    Fe+.b4P      1      4      0.707
      y3Po      1      3      4      1  46376  89088  46376      1    Fe+.b2P      1      2     -0.707
      u5Do      2      5      4      1  46431  76531  46431      1    Fe+.a4P      1      4      1.000
      z3Ho      5      3      4      1  46622  84378  46622      1    Fe+.a4H      5      4      0.707
      z3Ho      5      3      4      1  46622  89172  46622      1    Fe+.b2H      5      2     -0.707
      x3Fo      3      3      4      1  46627  85726  46627      1    Fe+.b4F      3      4      0.707
      x3Fo      3      3      4      1  46627  90365  46627      1    Fe+.a2F      3      2     -0.707
      w3Do      2      3      4      1  46705  76531  46705      1    Fe+.a4P      1      4      1.000
       1Do      2      1      4      1  47017  89088  47017      1    Fe+.b2P      1      2      1.000
      z1Go      4      1      4      1  47050  78997  47050      1    Fe+.a2G      4      2      1.000
       e5F      3      5      5      0  47100  65335  47100      1    Fe+.a4F      3      4      1.000
      w5Go      4      5      4      1  47123  88669  47123      1    Fe+.a4G      4      4      1.000
      y3So      0      3      4      1  47153  76531  47153      1    Fe+.a4P      1      4      1.000
      x3Go      4      3      4      1  47424  85726  47424      1    Fe+.b4F      3      4      0.707
      x3Go      4      3      4      1  47424  90365  47424      1    Fe+.a2F      3      2     -0.707
      v5Fo      3      5      4      1  47544  88669  47544      1    Fe+.a4G      4      4      1.000
      v5Po      1      5      4      1  47694  86239  47694      1    Fe+.a6S      0      6      1.000
       1Io      6      1      4      1  47695  89172  47695      1    Fe+.b2H      5      2      1.000
      y5Ho      5      5      4      1  47778  88669  47778      1    Fe+.a4G      4      4      1.000
       e3F      3      3      5      0  47979  65335  47979      1    Fe+.a4F      3      4      1.000
      z1Ho      5      1      4      1  47980  78997  47980      1    Fe+.a2G      4      2      1.000
      x3Po      1      3      4      1  47989  76531  47989      1    Fe+.a4P      1      4      1.000
      y1Go      4      1      4      1  48300  89172  48300      1    Fe+.b2H      5      2      1.000
      v3Do      2      3      4      1  48800  85726  48800      1    Fe+.b4F      3      4      0.707
      v3Do      2      3      4      1  48800  90365  48800      1    Fe+.a2F      3      2     -0.707
      w3Fo      3      3      4      1  48828  78997  48828      1    Fe+.a2G      4      2      1.000
      x1Fo      3      1      4      1  49074  90365  49074      1    Fe+.a2F      3      2      1.000
      y3Ho      5      3      4      1  49168  78997  49168      1    Fe+.a2G      4      2      1.000
      v3Go      4      3      4      1  49215  78997  49215      1    Fe+.a2G      4      2      1.000
      n7Do      2      7      5      1  49255  63335  49255      1    Fe+.a6D      2      6      1.000
      w3Po      1      3      4      1  49710  81455  49710      1    Fe+.a2P      1      2      1.000
      n7Fo      3      7      5      1  49771  63335  49771      1    Fe+.a6D      2      6      1.000
      n7Po      1      7      5      1  50101  63335  50101      1    Fe+.a6D      2      6      1.000
      z1Fo      3      1      4      1  50182  78997  50182      1    Fe+.a2G      4      2      1.000
       f5D      2      5      4      2  50184  63335  50184      1    Fe+.a6D      2      6      1.000
       e7P      1      7      4      2  50209  63335  50209      1    Fe+.a6D      2      6      1.000
      x1Go      4      1      4      1  50211  90365  50211      1    Fe+.a2F      3      2      1.000
       f7D      2      7      4      2  50328  63335  50328      1    Fe+.a6D      2      6      1.000
       e5G      4      5      4      2  50458  63335  50458      1    Fe+.a6D      2      6      1.000
       e7F      3      7      4      2  50486  63335  50486      1    Fe+.a6D      2      6      1.000
       e7G      4      7      4      2  50716  63335  50716      1    Fe+.a6D      2      6      1.000
      x3Ho      5      3      4      1  50741  88669  50741      1    Fe+.a4G      4      4      0.707
      x3Ho      5      3      4      1  50741  93474  50741      1    Fe+.b2G      4      2     -0.707
       e5S      0      5      4      2  50746  63335  50746      1    Fe+.a6D      2      6      1.000
      v3Fo      3      3      4      1  50897  83752  50897      1   Fe+.a2D2      2      2      1.000
      t5Do      2      5      5      1  50989  63335  50989      1    Fe+.a6D      2      6      1.000
      u5Fo      3      5      5      1  51023  63335  51023      1    Fe+.a6D      2      6      1.000
       f5F      3      5      4      2  51034  63335  51034      1    Fe+.a6D      2      6      1.000
       e7S      0      7      4      2  51167  63335  51167      1    Fe+.a6D      2      6      1.000
      u3Go      4      3      4      1  51186  83471  51186      1    Fe+.a2H      5      2      1.000
       e3D      2      3      5      0  51189  71239  51189      1    Fe+.a4D      2      4      1.000
       1Ho      5      1      4      1  51227  89172  51227      1    Fe+.b2H      5      2      1.000
      y1Do      2      1      4      1  51305  81455  51305      1    Fe+.a2P      1      2      1.000
       g5D      2      5      5      0  51345  71239  51345      1    Fe+.a4D      2      4      1.000
      x1Do      2      1      4      1  51359  89172  51359      1    Fe+.b2H      5      2      1.000
      u5Po      1      5      5      1  51457  63335  51457      1    Fe+.a6D      2      6      1.000
       e5P      1      5      4      2  51548  63335  51548      1    Fe+.a6D      2      6      1.000
      u1Po      1      1      4      1  51778  81455  51778      1    Fe+.a2P      1      2      1.000
      u3Do      2      3      4      1  51784  81455  51784      1    Fe+.a2P      1      2      1.000
      t3Do      2      3      4      1  52096  83752  52096      1   Fe+.a2D2      2      2      1.000
      w3Ho      5      3      4      1  52181  83471  52181      1    Fe+.a2H      5      2      1.000
      y3Io      6      3      4      1  52274  83471  52274      1    Fe+.a2H      5      2      1.000
      v3Po      1      3      4      1  52631  83752  52631      1   Fe+.a2D2      2      2      1.000
       1Io      6      1      4      1  52691  83471  52691      1    Fe+.a2H      5      2      1.000
      x3Fo      3      3      4      1  52875  88669  52875      1    Fe+.a4G      4      4      0.707
      x3Fo      3      3      4      1  52875  93474  52875      1    Fe+.b2G      4      2     -0.707
      y1Ho      5      1      4      1  52910  93474  52910      1    Fe+.b2G      4      2      1.000
       f5P      1      5      4      2  53047  65335  53047      1    Fe+.a4F      3      4      1.000
       5Fo      3      5      5      1  53110  65335  53110      1    Fe+.a4F      3      4      1.000
       h5D      2      5      4      2  53157  65335  53157      1    Fe+.a4F      3      4      1.000
       g5F      3      5      4      2  53182  65335  53182      1    Fe+.a4F      3      4      1.000
       f5G      1      5      4      2  53202  65335  53202      1    Fe+.a4F      3      4      1.000
       3Go      4      3      5      1  53210  65335  53210      1    Fe+.a4F      3      4      1.000
       5Go      4      5      5      1  53247  65335  53247      1    Fe+.a4F      3      4      1.000
       e5H      5      5      4      2  53323  65335  53323      1    Fe+.a4F      3      4      1.000
      x1Fo      3      1      4      1  53360  83752  53360      1   Fe+.a2D2      2      2      1.000
      x3So      0      3      4      1  53405  81455  53405      1    Fe+.a2P      1      2      1.000
       5Fo      3      5      4      1  53452  94338  53452      1    Fe+.b4D      2      4      1.000
       3Fo      3      3      5      1  53573  65335  53573      1    Fe+.a4F      3      4      1.000
       5Do      2      5      5      1  53574  65335  53574      1    Fe+.a4F      3      4      1.000
       f3D      2      3      4      2  53591  65335  53591      1    Fe+.a4F      3      4      1.000
       e3G      4      3      4      2  53611  65335  53611      1    Fe+.a4F      3      4      1.000
       5Do      2      5      4      1  53657  94338  53657      1    Fe+.b4D      2      4      1.000
      t5Po      1      5      4      1  53691  94338  53691      1    Fe+.b4D      2      4      1.000
       e3H      5      3      4      2  53775  65335  53775      1    Fe+.a4F      3      4      1.000
       3Do      2      3      5      1  53797  65335  53797      1    Fe+.a4F      3      4      1.000
       g7D      2      7      6      0  53799  63335  53799      1    Fe+.a6D      2      6      1.000
      t3Go      4      3      4      1  53825  88669  53825      1    Fe+.a4G      4      4      0.707
      t3Go      4      3      4      1  53825  93474  53825      1    Fe+.b2G      4      2     -0.707
      w1Go      4      1      4      1  54408  93474  54408      1    Fe+.b2G      4      2      1.000
     6s.5D      2      5      6      0  54451  63335  54451      1    Fe+.a6D      2      6      1.000
       f3F      3      3      4      2  54593  65335  54593      1    Fe+.a4F      3      4      1.000
       e3P      1      3      4      2  54736  65335  54736      1    Fe+.a4F      3      4      1.000
      v3Ho      5      3      4      1  55087  96401  55087      1    Fe+.c2G      4      2      1.000
      s3Go      4      3      4      1  55279  96401  55279      1    Fe+.c2G      4      2      1.000
      w1Do      2      1      4      1  55351  83752  55351      1   Fe+.a2D2      2      2      1.000
       1Ho      5      1      4      1  55504  83471  55504      1    Fe+.a2H      5      2      1.000
       1Fo      3      1      4      1  55695  93474  55695      1    Fe+.b2G      4      2      1.000
     5d.5D      2      5      5      2  55965  63335  55965      1    Fe+.a6D      2      6      1.000
      u3Ho      5      3      4      1  55972  95810  55972      1    Fe+.a6D      2      6      1.000
       7Do      2      7      6      1  56112  63335  56112      1    Fe+.a6D      2      6      1.000
        5G      4      5      5      2  56266  63335  56266      1    Fe+.a6D      2      6      1.000
        7D      2      7      5      2  56270  63335  56270      1    Fe+.a6D      2      6      1.000
       7Fo      3      7      6      1  56276  63335  56276      1    Fe+.a6D      2      6      1.000
      u3Fo      3      3      4      1  56317  96401  56317      1    Fe+.c2G      4      2      1.000
        5S      0      5      5      2  56317  63335  56317      1    Fe+.a6D      2      6      1.000
       7Po      1      7      6      1  56409  63335  56409      1    Fe+.a6D      2      6      1.000
        7P      1      7      5      2  56420  63335  56420      1    Fe+.a6D      2      6      1.000
        5F      3      5      6      0  56436  65335  56436      1    Fe+.a4F      3      4      1.000
        7F      3      7      5      2  56492  63335  56492      1    Fe+.a6D      2      6      1.000
        5F      3      5      5      2  56500  63335  56500      1    Fe+.a6D      2      6      1.000
        7G      4      7      5      2  56596  63335  56596      1    Fe+.a6D      2      6      1.000
       5Do      2      5      6      1  56704  63335  56704      1    Fe+.a6D      2      6      1.000
       5Fo      3      5      6      1  56719  63335  56719      1    Fe+.a6D      2      6      1.000
   Fe+.a6D      2      6      0      0  63335      0  57252      0    Fe+.a6D      2      6      0.000
   Fe+.a4F      3      4      0      0  65335      0  59252      0    Fe+.a4F      3      4      0.000
   Fe+.a4D      2      4      0      0  71239      0  65156      0    Fe+.a4D      2      4      0.000
   Fe+.a4P      1      4      0      0  76531      0  70448      0    Fe+.a4P      1      4      0.000
   Fe+.a2G      4      2      0      0  78997      0  72914      0    Fe+.a2G      4      2      0.000
   Fe+.a2P      1      2      0      0  81455      0  75372      0    Fe+.a2P      1      2      0.000
   Fe+.a2H      5      2      0      0  83471      0  77388      0    Fe+.a2H      5      2      0.000
  Fe+.a2D2      2      2      0      0  83752      0  77669      0   Fe+.a2D2      2      2      0.000
   Fe+.b4P      1      4      0      0  84340      0  78257      0    Fe+.b4P      1      4      0.000
   Fe+.a4H      5      4      0      0  84378      0  78295      0    Fe+.a4H      5      4      0.000
   Fe+.b4F      3      4      0      0  85726      0  79643      0    Fe+.b4F      3      4      0.000
   Fe+.a6S      0      6      0      0  86236      0  80153      0    Fe+.a6S      0      6      0.000
   Fe+.a4G      4      4      0      0  88669      0  82586      0    Fe+.a4G      4      4      0.000
   Fe+.b2P      1      2      0      0  89088      0  83005      0    Fe+.b2P      1      2      0.000
   Fe+.b2H      5      2      0      0  89172      0  83089      0    Fe+.b2H      5      2      0.000
   Fe+.a2F      3      2      0      0  90365      0  84282      0    Fe+.a2F      3      2      0.000
   Fe+.b2G      4      2      0      0  93474      0  87391      0    Fe+.b2G      4      2      0.000
   Fe+.b4D      2      4      0      0  94338      0  88255      0    Fe+.b4D      2      4      0.000
   Fe+.b2F      3      2      0      0  94838      0  88755      0    Fe+.b2F      3      2      0.000
   Fe+.a2I      6      2      0      0  95810      0  89727      0    Fe+.a2I      6      2      0.000
   Fe+.c2G      4      2      0      0  96401      0  90318      0    Fe+.c2G      4      2      0.000
   Fe+.b2D      2      2      0      0  99121      0  93038      0    Fe+.b2D      2      2      0.000
   Fe+.a2S      0      2      0      0 100145      0  94062      0    Fe+.a2S      0      2      0.000
   Fe+.c2D      2      2      0      0 101103      0  95020      0    Fe+.c2D      2      2      0.000
  Fe+.d2D1      2      2      0      0 110812      0 104729      0   Fe+.d2D1      2      2      0.000
