T =       500.000
   initial                                            final state
     state        3s        3p        4s        3d        4p        5s        4d        4f        5p     ionic
        3s  0.00e+00  1.07e-37  1.09e-50  3.41e-54  8.22e-56  2.75e-61  8.05e-64  2.76e-64  9.36e-66  5.64e-60
        3p  5.81e-17  0.00e+00  1.77e-23  5.45e-28  2.03e-29  8.25e-36  9.86e-40  5.60e-40  3.41e-43  4.64e-34
        4s  1.65e-18  4.93e-12  0.00e+00  4.15e-14  7.63e-16  2.77e-22  2.93e-27  2.61e-27  6.14e-30  4.14e-20
        3d  2.02e-18  5.95e-13  1.62e-10  0.00e+00  6.19e-13  3.91e-20  6.67e-24  2.21e-24  3.40e-27  2.20e-17
        4p  1.92e-18  8.72e-13  1.17e-10  2.44e-11  0.00e+00  1.42e-14  7.98e-19  4.21e-19  2.20e-23  2.53e-16
        5s  8.97e-20  4.96e-15  5.96e-13  2.15e-14  1.99e-10  0.00e+00  3.45e-15  8.97e-16  2.01e-18  5.75e-15
        4d  2.60e-21  5.87e-18  6.24e-17  3.64e-17  1.10e-13  3.42e-14  0.00e+00  6.18e-10  1.83e-16  8.69e-17
        4f  7.34e-22  2.75e-18  4.57e-17  9.91e-18  4.80e-14  7.32e-15  5.09e-10  0.00e+00  1.64e-16  5.80e-17
        5p  2.08e-22  1.40e-20  9.02e-19  1.28e-19  2.10e-17  1.37e-16  1.26e-15  1.38e-15  0.00e+00  7.48e-19
     ionic  3.67e-15  5.55e-10  1.77e-07  2.41e-08  7.04e-09  1.15e-11  1.75e-14  1.42e-14  2.18e-17  0.00e+00
T =       2000.00
   initial                                            final state
     state        3s        3p        4s        3d        4p        5s        4d        4f        5p     ionic
        3s  0.00e+00  1.17e-21  7.65e-26  3.82e-27  7.85e-28  7.45e-30  1.09e-31  8.46e-32  2.76e-31  5.51e-27
        3p  7.86e-17  0.00e+00  4.35e-15  1.51e-16  4.25e-17  2.63e-20  8.94e-24  8.19e-24  2.72e-25  5.87e-17
        4s  8.48e-18  7.21e-12  0.00e+00  7.36e-11  1.08e-11  1.95e-15  1.93e-19  2.41e-19  4.63e-21  2.72e-11
        3d  1.00e-18  5.91e-13  1.74e-10  0.00e+00  7.55e-12  1.50e-15  1.31e-17  8.22e-18  1.97e-19  8.30e-12
        4p  7.57e-19  6.12e-13  9.35e-11  2.77e-11  0.00e+00  1.50e-11  2.08e-14  2.31e-14  7.31e-17  9.04e-12
        5s  1.78e-19  9.40e-15  4.19e-13  1.37e-13  3.73e-10  0.00e+00  3.71e-13  1.75e-13  1.67e-15  4.63e-13
        4d  1.39e-21  1.69e-18  2.20e-17  6.35e-16  2.74e-13  1.97e-13  0.00e+00  1.90e-09  3.43e-13  5.85e-16
        4f  7.94e-22  1.15e-18  2.04e-17  2.94e-16  2.25e-13  6.86e-14  1.41e-09  0.00e+00  2.08e-13  4.75e-16
        5p  8.32e-21  1.22e-19  1.26e-18  2.26e-17  2.29e-15  2.10e-15  8.16e-13  6.69e-13  0.00e+00  7.33e-18
     ionic  2.49e-15  3.96e-10  1.11e-07  1.43e-08  4.24e-09  8.74e-12  2.08e-14  2.28e-14  1.10e-16  0.00e+00
T =       4000.00
   initial                                            final state
     state        3s        3p        4s        3d        4p        5s        4d        4f        5p     ionic
        3s  0.00e+00  2.02e-18  2.28e-21  1.43e-22  3.76e-23  7.97e-25  3.28e-26  3.09e-26  2.07e-25  2.61e-21
        3p  3.02e-16  0.00e+00  1.51e-13  1.04e-14  3.50e-15  5.73e-18  4.08e-21  3.32e-21  9.77e-22  4.48e-14
        4s  2.40e-17  1.07e-11  0.00e+00  1.99e-10  3.79e-11  1.49e-14  3.16e-18  3.29e-18  4.19e-19  7.03e-10
        3d  1.04e-18  5.03e-13  1.37e-10  0.00e+00  9.22e-12  4.43e-14  1.11e-15  6.69e-16  4.21e-17  6.05e-11
        4p  6.74e-19  4.20e-13  6.45e-11  2.28e-11  0.00e+00  7.51e-11  2.96e-13  4.15e-13  6.83e-15  4.49e-11
        5s  1.23e-19  5.93e-15  2.19e-13  9.46e-13  6.48e-10  0.00e+00  4.01e-12  1.79e-12  3.54e-14  1.14e-12
        4d  1.65e-21  1.38e-18  1.51e-17  7.73e-15  8.31e-13  1.31e-12  0.00e+00  2.81e-09  4.74e-12  1.53e-15
        4f  1.13e-21  8.12e-19  1.14e-17  3.38e-15  8.48e-13  4.24e-13  2.04e-09  0.00e+00  3.00e-12  1.58e-15
        5p  2.08e-20  6.56e-19  3.99e-18  5.83e-16  3.82e-14  2.30e-14  9.44e-12  8.21e-12  0.00e+00  6.78e-17
     ionic  3.50e-15  4.03e-10  8.98e-08  1.12e-08  3.37e-09  9.95e-12  4.09e-14  5.79e-14  9.09e-16  0.00e+00
T =       6000.00
   initial                                            final state
     state        3s        3p        4s        3d        4p        5s        4d        4f        5p     ionic
        3s  0.00e+00  5.24e-17  1.25e-19  5.85e-21  1.52e-21  4.13e-23  4.65e-24  4.76e-24  3.03e-23  3.22e-19
        3p  1.02e-15  0.00e+00  5.55e-13  3.74e-14  1.27e-14  2.77e-17  1.20e-19  1.72e-19  4.01e-20  4.66e-13
        4s  6.02e-17  1.37e-11  0.00e+00  2.37e-10  4.83e-11  2.33e-14  2.33e-17  2.45e-17  5.12e-18  2.03e-09
        3d  1.28e-18  4.19e-13  1.08e-10  0.00e+00  7.87e-12  2.28e-13  6.94e-15  6.06e-15  5.61e-16  1.13e-10
        4p  7.24e-19  3.09e-13  4.78e-11  1.71e-11  0.00e+00  1.56e-10  1.29e-12  1.40e-12  5.44e-14  7.38e-11
        5s  1.19e-19  4.08e-15  1.40e-13  3.00e-12  9.44e-10  0.00e+00  1.11e-11  5.94e-12  1.84e-13  1.69e-12
        4d  3.71e-21  4.91e-18  3.87e-17  2.53e-14  2.16e-12  3.08e-12  0.00e+00  3.43e-09  1.68e-11  3.57e-15
        4f  2.75e-21  5.07e-18  2.94e-17  1.60e-14  1.70e-12  1.19e-12  2.48e-09  0.00e+00  1.16e-11  3.10e-15
        5p  4.54e-20  3.07e-18  1.59e-17  3.84e-15  1.71e-13  9.56e-14  3.14e-11  3.01e-11  0.00e+00  2.91e-16
     ionic  6.22e-15  4.62e-10  8.16e-08  9.94e-09  3.01e-09  1.13e-11  8.66e-14  1.04e-13  3.76e-15  0.00e+00
T =       8000.00
   initial                                            final state
     state        3s        3p        4s        3d        4p        5s        4d        4f        5p     ionic
        3s  0.00e+00  3.77e-16  1.35e-18  5.00e-20  1.25e-20  4.13e-22  1.01e-22  1.03e-22  5.00e-22  4.95e-18
        3p  2.66e-15  0.00e+00  1.15e-12  6.84e-14  2.24e-14  6.04e-17  1.13e-18  2.54e-18  6.87e-19  1.66e-12
        4s  1.39e-16  1.68e-11  0.00e+00  2.40e-10  4.77e-11  2.80e-14  1.17e-16  1.79e-16  4.34e-17  3.43e-09
        3d  1.90e-18  3.69e-13  8.88e-11  0.00e+00  7.07e-12  6.16e-13  1.84e-14  2.49e-14  3.13e-15  1.51e-10
        4p  9.70e-19  2.46e-13  3.60e-11  1.44e-11  0.00e+00  2.41e-10  3.05e-12  2.92e-12  1.91e-13  9.36e-11
        5s  1.62e-19  3.36e-15  1.07e-13  6.36e-12  1.23e-09  0.00e+00  2.02e-11  1.28e-11  6.63e-13  2.13e-12
        4d  1.02e-20  1.61e-17  1.14e-16  4.86e-14  3.96e-12  5.15e-12  0.00e+00  3.91e-09  3.91e-11  6.39e-15
        4f  7.43e-21  2.60e-17  1.26e-16  4.74e-14  2.73e-12  2.36e-12  2.82e-09  0.00e+00  2.72e-11  5.04e-15
        5p  9.13e-20  1.78e-17  7.73e-17  1.50e-14  4.51e-13  3.08e-13  7.12e-11  6.88e-11  0.00e+00  8.48e-16
     ionic  1.15e-14  5.46e-10  7.75e-08  9.22e-09  2.81e-09  1.26e-11  1.48e-13  1.62e-13  1.08e-14  0.00e+00
 
