     State    L_A 2S_A+1      n      l  E_j^X  E_lim    E_j   N_eq       Core    L_c 2S_c+1          G
        2s      0      2      2      0      0  43487      0      1   LiII.1s2      0      1      1.000
        2p      1      2      2      1  14904  43487  14904      1   LiII.1s2      0      1      1.000
        3s      0      2      3      0  27206  43487  27206      1   LiII.1s2      0      1      1.000
        3p      1      2      3      1  30925  43487  30925      1   LiII.1s2      0      1      1.000
        3d      2      2      3      2  31283  43487  31283      1   LiII.1s2      0      1      1.000
        4s      0      2      4      0  35012  43487  35012      1   LiII.1s2      0      1      1.000
        4p      1      2      4      1  36469  43487  36469      1   LiII.1s2      0      1      1.000
        4d      2      2      4      2  36623  43487  36623      1   LiII.1s2      0      1      1.000
        4f      3      2      4      3  36630  43487  36630      1   LiII.1s2      0      1      1.000
  LiII.1s2      0      1      0      0  43487      0  37404      0   LiII.1s2      0      1      0.000
