     State    L_A 2S_A+1      n      l  E_j^X  E_lim    E_j   N_eq       Core    L_c 2S_c+1          G
        3s      0      2      3      0      0  41449      0      1        Na+      0      1      1.000
        3p      1      2      3      1  16970  41449  16970      1        Na+      0      1      1.000
        4s      0      2      4      0  25739  41449  25739      1        Na+      0      1      1.000
        3d      2      2      3      2  29172  41449  29172      1        Na+      0      1      1.000
        4p      1      2      4      1  30270  41449  30270      1        Na+      0      1      1.000
        5s      0      2      5      0  33200  41449  33200      1        Na+      0      1      1.000
        4d      2      2      4      2  34548  41449  34548      1        Na+      0      1      1.000
        4f      3      2      4      3  34588  41449  34588      1        Na+      0      1      1.000
        5p      1      2      5      1  35041  41449  35041      1        Na+      0      1      1.000
       Na+      0      1      0      0  41449      0  35366      0        Na+      0      1      0.000
